
        Numerical Analysis of Fundamental Frequencies
        Adaptation of J. Lashkar's method
        -----------------------------------------------



        parametersFilename      = nafpar.par
        outputFilename          = naf.out
        dataFilename            = [  1.25333234e-01  -9.68583161e-01  -3.68124553e-01   8.76306680e-01
   5.87785252e-01  -7.28968627e-01  -7.70513243e-01   5.35826795e-01
   9.04827052e-01  -3.09016994e-01  -9.82287251e-01   6.27905195e-02
   9.98026728e-01   1.87381315e-01  -9.51056516e-01  -4.25779292e-01
   8.44327926e-01   6.37423990e-01  -6.84547106e-01  -8.09016994e-01
   4.81753674e-01   9.29776486e-01  -2.48689887e-01  -9.92114701e-01
  -9.30793465e-15   9.92114701e-01   2.48689887e-01  -9.29776486e-01
  -4.81753674e-01   8.09016994e-01   6.84547106e-01  -6.37423990e-01
  -8.44327926e-01   4.25779292e-01   9.51056516e-01  -1.87381315e-01
  -9.98026728e-01  -6.27905195e-02   9.82287251e-01   3.09016994e-01
  -9.04827052e-01  -5.35826795e-01   7.70513243e-01   7.28968627e-01
  -5.87785252e-01  -8.76306680e-01   3.68124553e-01   9.68583161e-01
  -1.25333234e-01  -1.00000000e+00  -1.25333234e-01   9.68583161e-01
   3.68124553e-01  -8.76306680e-01  -5.87785252e-01   7.28968627e-01
   7.70513243e-01  -5.35826795e-01  -9.04827052e-01   3.09016994e-01
   9.82287251e-01  -6.27905195e-02  -9.98026728e-01  -1.87381315e-01
   9.51056516e-01   4.25779292e-01  -8.44327926e-01  -6.37423990e-01
   6.84547106e-01   8.09016994e-01  -4.81753674e-01  -9.29776486e-01
   2.48689887e-01   9.92114701e-01  -4.97905468e-16  -9.92114701e-01
  -2.48689887e-01   9.29776486e-01   4.81753674e-01  -8.09016994e-01
  -6.84547106e-01   6.37423990e-01   8.44327926e-01  -4.25779292e-01
  -9.51056516e-01   1.87381315e-01   9.98026728e-01   6.27905195e-02
  -9.82287251e-01  -3.09016994e-01   9.04827052e-01   5.35826795e-01
  -7.70513243e-01  -7.28968627e-01   5.87785252e-01   8.76306680e-01
  -3.68124553e-01  -9.68583161e-01   1.25333234e-01   1.00000000e+00
   1.25333234e-01  -9.68583161e-01  -3.68124553e-01   8.76306680e-01
   5.87785252e-01  -7.28968627e-01  -7.70513243e-01   5.35826795e-01
   9.04827052e-01  -3.09016994e-01  -9.82287251e-01   6.27905195e-02
   9.98026728e-01   1.87381315e-01  -9.51056516e-01  -4.25779292e-01
   8.44327926e-01   6.37423990e-01  -6.84547106e-01  -8.09016994e-01
   4.81753674e-01   9.29776486e-01  -2.48689887e-01  -9.92114701e-01
  -7.49613827e-14   9.92114701e-01   2.48689887e-01  -9.29776486e-01
  -4.81753674e-01   8.09016994e-01   6.84547106e-01  -6.37423990e-01
  -8.44327926e-01   4.25779292e-01   9.51056516e-01  -1.87381315e-01
  -9.98026728e-01  -6.27905195e-02   9.82287251e-01   3.09016994e-01
  -9.04827052e-01  -5.35826795e-01   7.70513243e-01   7.28968627e-01
  -5.87785252e-01  -8.76306680e-01   3.68124553e-01   9.68583161e-01
  -1.25333234e-01  -1.00000000e+00  -1.25333234e-01   9.68583161e-01
   3.68124553e-01  -8.76306680e-01  -5.87785252e-01   7.28968627e-01
   7.70513243e-01  -5.35826795e-01  -9.04827052e-01   3.09016994e-01
   9.82287251e-01  -6.27905195e-02  -9.98026728e-01  -1.87381315e-01
   9.51056516e-01   4.25779292e-01  -8.44327926e-01  -6.37423990e-01
   6.84547106e-01   8.09016994e-01  -4.81753674e-01  -9.29776486e-01
   2.48689887e-01   9.92114701e-01   1.50420671e-13  -9.92114701e-01
  -2.48689887e-01   9.29776486e-01   4.81753674e-01  -8.09016994e-01
  -6.84547106e-01   6.37423990e-01   8.44327926e-01  -4.25779292e-01
  -9.51056516e-01   1.87381315e-01   9.98026728e-01   6.27905195e-02
  -9.82287251e-01  -3.09016994e-01   9.04827052e-01   5.35826795e-01
  -7.70513243e-01  -7.28968627e-01   5.87785252e-01   8.76306680e-01
  -3.68124553e-01  -9.68583161e-01   1.25333234e-01   1.00000000e+00
   1.25333234e-01  -9.68583161e-01  -3.68124553e-01   8.76306680e-01
   5.87785252e-01  -7.28968627e-01  -7.70513243e-01   5.35826795e-01
   9.04827052e-01  -3.09016994e-01  -9.82287251e-01   6.27905195e-02
   9.98026728e-01   1.87381315e-01  -9.51056516e-01  -4.25779292e-01
   8.44327926e-01   6.37423990e-01  -6.84547106e-01  -8.09016994e-01
   4.81753674e-01   9.29776486e-01  -2.48689887e-01  -9.92114701e-01
   1.49371640e-15   9.92114701e-01   2.48689887e-01  -9.29776486e-01
  -4.81753674e-01   8.09016994e-01   6.84547106e-01  -6.37423990e-01
  -8.44327926e-01   4.25779292e-01   9.51056516e-01  -1.87381315e-01
  -9.98026728e-01  -6.27905195e-02   9.82287251e-01   3.09016994e-01
  -9.04827052e-01  -5.35826795e-01   7.70513243e-01   7.28968627e-01
  -5.87785252e-01  -8.76306680e-01   3.68124553e-01   9.68583161e-01
  -1.25333234e-01  -1.00000000e+00  -1.25333234e-01   9.68583161e-01
   3.68124553e-01  -8.76306680e-01  -5.87785252e-01   7.28968627e-01
   7.70513243e-01  -5.35826795e-01  -9.04827052e-01   3.09016994e-01
   9.82287251e-01  -6.27905195e-02  -9.98026728e-01  -1.87381315e-01
   9.51056516e-01   4.25779292e-01  -8.44327926e-01  -6.37423990e-01
   6.84547106e-01   8.09016994e-01  -4.81753674e-01  -9.29776486e-01
   2.48689887e-01   9.92114701e-01   3.01339247e-13  -9.92114701e-01
  -2.48689887e-01   9.29776486e-01   4.81753674e-01  -8.09016994e-01
  -6.84547106e-01   6.37423990e-01   8.44327926e-01  -4.25779292e-01
  -9.51056516e-01   1.87381315e-01   9.98026728e-01   6.27905195e-02
  -9.82287251e-01  -3.09016994e-01   9.04827052e-01   5.35826795e-01
  -7.70513243e-01  -7.28968627e-01   5.87785252e-01   8.76306680e-01
  -3.68124553e-01  -9.68583161e-01   1.25333234e-01   1.00000000e+00
   1.25333234e-01  -9.68583161e-01  -3.68124553e-01   8.76306680e-01
   5.87785252e-01  -7.28968627e-01  -7.70513243e-01   5.35826795e-01
   9.04827052e-01  -3.09016994e-01  -9.82287251e-01   6.27905195e-02
   9.98026728e-01   1.87381315e-01  -9.51056516e-01  -4.25779292e-01
   8.44327926e-01   6.37423990e-01  -6.84547106e-01  -8.09016994e-01
   4.81753674e-01   9.29776486e-01  -2.48689887e-01  -9.92114701e-01
  -1.49424860e-13   9.92114701e-01   2.48689887e-01  -9.29776486e-01
  -4.81753674e-01   8.09016994e-01   6.84547106e-01  -6.37423990e-01
  -8.44327926e-01   4.25779292e-01   9.51056516e-01  -1.87381315e-01
  -9.98026728e-01  -6.27905195e-02   9.82287251e-01   3.09016994e-01
  -9.04827052e-01  -5.35826795e-01   7.70513243e-01   7.28968627e-01
  -5.87785252e-01  -8.76306680e-01   3.68124553e-01   9.68583161e-01
  -1.25333234e-01  -1.00000000e+00  -1.25333234e-01   9.68583161e-01
   3.68124553e-01  -8.76306680e-01  -5.87785252e-01   7.28968627e-01
   7.70513243e-01  -5.35826795e-01  -9.04827052e-01   3.09016994e-01
   9.82287251e-01  -6.27905195e-02  -9.98026728e-01  -1.87381315e-01
   9.51056516e-01   4.25779292e-01  -8.44327926e-01  -6.37423990e-01
   6.84547106e-01   8.09016994e-01  -4.81753674e-01  -9.29776486e-01
   2.48689887e-01   9.92114701e-01  -2.48952734e-15  -9.92114701e-01
  -2.48689887e-01   9.29776486e-01   4.81753674e-01  -8.09016994e-01
  -6.84547106e-01   6.37423990e-01   8.44327926e-01  -4.25779292e-01
  -9.51056516e-01   1.87381315e-01   9.98026728e-01   6.27905195e-02
  -9.82287251e-01  -3.09016994e-01   9.04827052e-01   5.35826795e-01
  -7.70513243e-01  -7.28968627e-01   5.87785252e-01   8.76306680e-01
  -3.68124553e-01  -9.68583161e-01   1.25333234e-01   1.00000000e+00
   1.25333234e-01  -9.68583161e-01  -3.68124553e-01   8.76306680e-01
   5.87785252e-01  -7.28968627e-01  -7.70513243e-01   5.35826795e-01
   9.04827052e-01  -3.09016994e-01  -9.82287251e-01   6.27905195e-02
   9.98026728e-01   1.87381315e-01  -9.51056516e-01  -4.25779292e-01
   8.44327926e-01   6.37423990e-01  -6.84547106e-01  -8.09016994e-01
   4.81753674e-01   9.29776486e-01  -2.48689887e-01  -9.92114701e-01
  -3.00343436e-13   9.92114701e-01   2.48689887e-01  -9.29776486e-01
  -4.81753674e-01   8.09016994e-01   6.84547106e-01  -6.37423990e-01
  -8.44327926e-01   4.25779292e-01   9.51056516e-01  -1.87381315e-01
  -9.98026728e-01  -6.27905195e-02   9.82287251e-01   3.09016994e-01
  -9.04827052e-01  -5.35826795e-01   7.70513243e-01   7.28968627e-01
  -5.87785252e-01  -8.76306680e-01   3.68124553e-01   9.68583161e-01
  -1.25333234e-01  -1.00000000e+00  -1.25333234e-01   9.68583161e-01
   3.68124553e-01  -8.76306680e-01  -5.87785252e-01   7.28968627e-01
   7.70513243e-01  -5.35826795e-01  -9.04827052e-01   3.09016994e-01
   9.82287251e-01  -6.27905195e-02  -9.98026728e-01  -1.87381315e-01
   9.51056516e-01   4.25779292e-01  -8.44327926e-01  -6.37423990e-01
   6.84547106e-01   8.09016994e-01  -4.81753674e-01  -9.29776486e-01
   2.48689887e-01   9.92114701e-01   1.48429049e-13  -9.92114701e-01
  -2.48689887e-01   9.29776486e-01   4.81753674e-01  -8.09016994e-01
  -6.84547106e-01   6.37423990e-01   8.44327926e-01  -4.25779292e-01
  -9.51056516e-01   1.87381315e-01   9.98026728e-01   6.27905195e-02
  -9.82287251e-01  -3.09016994e-01   9.04827052e-01   5.35826795e-01
  -7.70513243e-01  -7.28968627e-01   5.87785252e-01   8.76306680e-01
  -3.68124553e-01  -9.68583161e-01   1.25333234e-01   1.00000000e+00
   1.25333234e-01  -9.68583161e-01  -3.68124553e-01   8.76306680e-01
   5.87785252e-01  -7.28968627e-01  -7.70513243e-01   5.35826795e-01
   9.04827052e-01  -3.09016994e-01  -9.82287251e-01   6.27905195e-02
   9.98026728e-01   1.87381315e-01  -9.51056516e-01  -4.25779292e-01
   8.44327926e-01   6.37423990e-01  -6.84547106e-01  -8.09016994e-01
   4.81753674e-01   9.29776486e-01  -2.48689887e-01  -9.92114701e-01
  -4.51262013e-13   9.92114701e-01   2.48689887e-01  -9.29776486e-01
  -4.81753674e-01   8.09016994e-01   6.84547106e-01  -6.37423990e-01
  -8.44327926e-01   4.25779292e-01   9.51056516e-01  -1.87381315e-01
  -9.98026728e-01  -6.27905195e-02   9.82287251e-01   3.09016994e-01
  -9.04827052e-01  -5.35826795e-01   7.70513243e-01   7.28968627e-01
  -5.87785252e-01  -8.76306680e-01   3.68124553e-01   9.68583161e-01
  -1.25333234e-01  -1.00000000e+00  -1.25333234e-01   9.68583161e-01
   3.68124553e-01  -8.76306680e-01  -5.87785252e-01   7.28968627e-01
   7.70513243e-01  -5.35826795e-01  -9.04827052e-01   3.09016994e-01
   9.82287251e-01  -6.27905195e-02  -9.98026728e-01  -1.87381315e-01
   9.51056516e-01   4.25779292e-01  -8.44327926e-01  -6.37423990e-01
   6.84547106e-01   8.09016994e-01  -4.81753674e-01  -9.29776486e-01
   2.48689887e-01   9.92114701e-01   2.99347625e-13  -9.92114701e-01
  -2.48689887e-01   9.29776486e-01   4.81753674e-01  -8.09016994e-01
  -6.84547106e-01   6.37423990e-01   8.44327926e-01  -4.25779292e-01
  -9.51056516e-01   1.87381315e-01   9.98026728e-01   6.27905195e-02
  -9.82287251e-01  -3.09016994e-01   9.04827052e-01   5.35826795e-01
  -7.70513243e-01  -7.28968627e-01   5.87785252e-01   8.76306680e-01
  -3.68124553e-01  -9.68583161e-01   1.25333234e-01   1.00000000e+00
   1.25333234e-01]
        solutionFilename        = track.sol
        tabFilename             = naf.tab

        DTOUR                   = 6.28318530718
        T0                      = 0.0
        XH                      = 6.28318530718
        KTABS                   = 600
        NEPS                    = 100000000.0
        NTERM                   = 2
        ICPLX                   = 1
        IW                      = 1
        NULIN                   = 0
        ICOL                    = 1
        ICX                     = 1
        ICY                     = 0
        IPRNAF                  = 0
        IFTES                   = 0
        IFSAV                   = 0
        IFCOMP                  = 0
        IFRES                   = 0
        IFSTAB                  = 1
        IMODT                   = 0
        TMF1                    = [-100.   35.   70.  -35.]
        TMF2                    = [  -5.   70.  100.  -24.]
        TNT                     = [ 10.  10.  10.  10.]